T_CONV1_WEIGHT_INT4 = [[[[1, 2, 1, -2, -2], [3, 2, 0, -1, 0], [2, 2, 1, 0, 0], [0, 0, 1, 0, 0], [1, 0, 0, 0, 0]]], [[[-7, -7, -5, -3, -3], [-2, -1, -2, -1, -2], [2, 0, 1, 0, -2], [3, 2, 2, 1, -1], [3, 1, 1, 2, 2]]]]

T_CONV1_SCALE = 0.28515625

T_CONV1_BIAS = [-0.17578125, -0.41796875]

T_FC1_WEIGHT_FP8 = [[-0.0625, -0.0859375, -0.125, -0.0859375, -0.15625, -0.203125, -0.15625, -0.171875, -0.140625, -0.1875, -0.140625, -0.25, -0.140625, -0.15625, -0.109375, -0.140625, -0.109375, -0.234375, -0.171875, -0.203125, -0.15625, -0.15625, -0.1875, -0.171875, -0.140625, -0.15625, -0.140625, -0.203125, -0.234375, -0.25, -0.125, -0.25, -0.15625, -0.234375, -0.140625, -0.1875, -0.1171875, -0.125, -0.1015625, -0.1171875, -0.09375, -0.171875, -0.171875, -0.21875, -0.125, -0.203125, -0.140625, -0.15625, -0.125, -0.203125, -0.21875, -0.15625, -0.15625, -0.203125, -0.140625, -0.234375, -0.125, -0.25, -0.140625, -0.21875, -0.05078125, -0.1171875, 0.029296875, -0.0859375, 0.046875, -0.09375, -0.03125, -0.25, -0.109375, -0.234375, -0.1015625, -0.1875, -0.125, -0.125, -0.171875, -0.171875, -0.140625, -0.25, -0.1171875, -0.25, -0.15625, -0.28125, -0.1171875, -0.21875, -0.1015625, -0.171875, -0.03125, -0.140625, -0.109375, -0.1171875, -0.05078125, -0.25, -0.15625, -0.28125, -0.1171875, -0.28125, 0.1171875, -0.046875, -0.017578125, -0.375, -0.03125, -0.34375, -0.09375, -0.3125, -0.125, -0.25, -0.203125, -0.28125, -0.234375, -0.28125, -0.25, -0.28125, -0.203125, -0.140625, -0.09375, -0.25, -0.15625, -0.25, 0.0234375, -0.28125, 0.0703125, -0.140625, 0.203125, -0.5, 0.09375, -0.5625, -0.046875, -0.40625, -0.0703125, -0.28125, -0.21875, -0.375, -0.375, -0.5, -0.34375, -0.5, -0.1875, -0.28125, 0.09375, -0.28125, 0.005859375, -0.25, 0.0859375, -0.46875, 0.21875, -0.375, 0.21875, -0.75, 0.140625, -0.625, 0.140625, -0.40625, -0.109375, -0.375, -0.1171875, -0.3125, -0.28125, -0.25, -0.234375, -0.234375, -0.1875, -0.28125, -0.0625, -0.25, 0.00390625, -0.28125, 0.34375, -0.6875, 0.203125, -0.46875, 0.4375, -0.5625, 0.28125, -0.4375, 0.25, -0.28125, 0.125, -0.3125, -0.015625, -0.28125, -0.28125, -0.34375, -0.25, -0.21875, -0.109375, -0.21875, 0.15625, -0.171875, 0.005859375, -0.25, 0.3125, -0.75, 0.28125, -0.5, 0.25, -0.5, 0.125, -0.34375, 0.15625, -0.28125, 0.078125, -0.40625, 0.0859375, -0.40625, -0.125, -0.34375, -0.0859375, -0.04296875, 0.05859375, -0.0390625, 0.078125, -0.1171875, -0.0859375, -0.3125, 0.25, -0.8125, 0.21875, -0.40625, 0.15625, -0.5625, -0.001953125, -0.40625, 0.017578125, -0.234375, -0.078125, -0.140625, 0.025390625, -0.1015625, 0.017578125, 0.0390625, -0.001953125, 0.15625, -0.09375, -0.0234375, -0.21875, -0.125, -0.28125, -0.28125, 0.009765625, -0.5625, 0.21875, -0.234375, 0.078125, -0.5, -0.0078125, -0.46875, -0.04296875, -0.28125, -0.109375, -0.125, -0.109375, 0.0390625, -0.15625, 0.25, -0.28125, 0.21875, -0.3125, -0.078125, -0.375, -0.25, -0.3125, -0.375, -0.1875, -0.375, -0.05859375, -0.1171875, 0.046875, -0.28125, -0.02734375, -0.34375, -0.03515625, -0.25, -0.0859375, -0.078125, -0.25, 0.046875, -0.28125, 0.1875, -0.3125, -0.017578125, -0.40625, -0.1875, -0.3125, -0.375, -0.34375, -0.34375, -0.34375, -0.25], [-0.0078125, 0.01171875, -0.0625, -0.234375, -0.0859375, -0.28125, -0.0390625, -0.28125, -0.01171875, -0.3125, -0.017578125, -0.46875, -0.28125, -0.5, -0.5, -0.46875, -0.5625, -0.4375, -0.5625, -0.25, -0.375, -0.1875, -0.203125, -0.125, -0.0859375, -0.0859375, -0.125, -0.34375, -0.25, -0.3125, -0.140625, -0.25, 0.029296875, -0.25, 0.046875, -0.5, 0.001953125, -0.5625, -0.078125, -0.625, -0.25, -0.5, -0.3125, -0.375, -0.28125, -0.21875, -0.125, -0.171875, -0.109375, -0.125, -0.203125, -0.3125, -0.25, -0.21875, -0.125, -0.140625, 0.078125, -0.15625, 0.125, -0.40625, 0.140625, -0.6875, 0.140625, -0.5625, 0.021484375, -0.5625, -0.0703125, -0.28125, -0.125, -0.140625, -0.09375, -0.140625, -0.1015625, -0.125, -0.21875, -0.1875, -0.28125, -0.234375, -0.25, -0.203125, -0.109375, -0.25, -0.0546875, -0.375, 0.140625, -0.46875, 0.171875, -0.5625, 0.15625, -0.46875, 0.03515625, -0.3125, -0.1171875, -0.1875, -0.1171875, -0.25, -0.109375, -0.140625, -0.234375, -0.125, -0.34375, -0.15625, -0.3125, -0.25, -0.28125, -0.5, -0.21875, -0.375, -0.029296875, -0.28125, 0.0625, -0.4375, 0.0625, -0.5, -0.140625, -0.5, -0.171875, -0.5625, -0.140625, -0.34375, -0.1875, -0.1015625, -0.28125, -0.1171875, -0.3125, -0.046875, -0.5, -0.4375, -0.375, -0.5, -0.140625, -0.375, -0.029296875, -0.15625, -0.01171875, -0.40625, -0.00390625, -0.5625, -0.1171875, -0.5, -0.140625, -0.5, -0.21875, -0.1875, -0.1875, -0.171875, -0.203125, -0.02734375, -0.21875, -0.021484375, -0.5, -0.40625, -0.234375, -0.5, 0.001953125, -0.28125, 0.09375, -0.375, 0.0859375, -0.5625, 0.109375, -0.6875, -0.0546875, -0.46875, -0.234375, -0.34375, -0.375, -0.234375, -0.125, 0.00390625, -0.171875, 0.029296875, -0.28125, -0.171875, -0.25, -0.40625, -0.09375, -0.28125, 0.1171875, -0.28125, 0.029296875, -0.34375, 0.0859375, -0.5, 0.0, -0.5625, -0.15625, -0.234375, -0.5, -0.1875, -0.3125, -0.1875, -0.02734375, 0.015625, -0.125, -0.171875, -0.125, -0.375, -0.1015625, -0.28125, -0.04296875, -0.171875, 0.04296875, -0.34375, -0.029296875, -0.40625, -0.005859375, -0.25, -0.0859375, -0.25, -0.28125, -0.125, -0.3125, 0.009765625, -0.28125, -0.15625, -0.03515625, 0.001953125, -0.109375, -0.171875, 0.009765625, -0.28125, 0.05859375, -0.1875, -0.029296875, -0.28125, -0.0703125, -0.375, -0.078125, -0.3125, -0.078125, -0.203125, -0.078125, -0.25, -0.1875, 0.001953125, -0.15625, -0.0234375, -0.171875, -0.078125, -0.1015625, 0.1015625, -0.15625, 0.109375, 0.017578125, -0.09375, 0.0703125, -0.34375, -0.025390625, -0.5625, -0.09375, -0.75, -0.15625, -0.5625, -0.0859375, -0.25, 0.1015625, -0.046875, -0.01171875, 0.15625, -0.125, 0.0546875, -0.1875, -0.0546875, -0.0234375, -0.005859375, -0.01953125, -0.0234375, -0.09375, -0.125, -0.0546875, -0.375, 0.009765625, -0.5, 0.0625, -0.5625, 0.0859375, -0.34375, 0.078125, -0.109375, -0.09375, 0.009765625, -0.140625, -0.04296875, -0.171875, 0.03515625, -0.171875, 0.01171875], [0.046875, -0.1171875, -0.0234375, -0.0859375, 0.09375, -0.125, 0.125, -0.171875, 0.3125, -0.21875, 0.3125, -0.1875, 0.25, -0.125, 0.15625, -0.1875, 0.109375, -0.203125, -0.04296875, -0.25, -0.1015625, -0.1875, -0.1875, -0.25, -0.05859375, -0.125, -0.0859375, -0.0859375, -0.078125, -0.0703125, -0.0703125, -0.0234375, -0.05859375, 0.015625, 0.005859375, 0.05078125, 0.046875, -0.0390625, 0.04296875, -0.09375, -0.0625, -0.15625, -0.140625, -0.234375, -0.15625, -0.28125, -0.234375, -0.375, -0.125, -0.09375, -0.1171875, -0.005859375, -0.171875, 0.04296875, -0.21875, 0.078125, -0.1875, 0.0859375, -0.140625, 0.0625, -0.029296875, -0.025390625, -0.046875, -0.1171875, -0.140625, -0.234375, -0.1875, -0.25, -0.1875, -0.34375, -0.203125, -0.375, -0.109375, -0.125, -0.234375, 0.0859375, -0.25, 0.1875, -0.34375, 0.140625, -0.25, 0.013671875, -0.25, -0.046875, -0.21875, -0.140625, -0.203125, -0.171875, -0.21875, -0.234375, -0.1875, -0.3125, -0.1875, -0.46875, -0.15625, -0.375, -0.25, -0.15625, -0.34375, 0.203125, -0.40625, 0.203125, -0.3125, 0.3125, -0.375, 0.05078125, -0.28125, -0.0625, -0.3125, -0.15625, -0.25, -0.21875, -0.234375, -0.28125, -0.078125, -0.34375, -0.0703125, -0.375, -0.140625, -0.21875, -0.3125, 0.0390625, -0.5, 0.3125, -0.5, 0.28125, -0.5, 0.05078125, -0.46875, 0.1015625, -0.375, 0.015625, -0.34375, -0.078125, -0.3125, -0.140625, -0.28125, -0.21875, -0.005859375, -0.234375, 0.046875, -0.234375, 0.34375, 0.1015625, -0.34375, -0.0234375, -0.5, 0.09375, -0.5, -0.015625, -0.5, -0.015625, -0.46875, -0.078125, -0.46875, -0.125, -0.34375, -0.125, -0.203125, -0.171875, -0.0625, -0.171875, 0.025390625, -0.140625, 0.1171875, -0.0390625, 0.375, 0.15625, -0.171875, 0.01171875, -0.25, 0.0234375, -0.25, -0.046875, -0.203125, -0.125, -0.15625, -0.171875, -0.109375, -0.171875, -0.046875, -0.15625, 0.05078125, -0.171875, -0.009765625, -0.125, 0.1015625, -0.1171875, -0.0546875, 0.0703125, -0.109375, 0.3125, -0.09375, -0.0390625, -0.234375, -0.1171875, -0.171875, -0.1875, -0.0078125, -0.140625, 0.05078125, -0.21875, 0.021484375, -0.234375, 0.029296875, -0.203125, -0.04296875, -0.1015625, -0.046875, -0.009765625, -0.1171875, 0.15625, -0.203125, 0.25, -0.375, 0.46875, -0.125, -0.125, -0.203125, -0.109375, -0.0703125, -0.171875, -0.03515625, -0.234375, 0.017578125, -0.28125, -0.09375, -0.25, -0.21875, -0.171875, -0.21875, -0.078125, -0.203125, 0.203125, -0.28125, 0.234375, -0.3125, 0.4375, -0.46875, 0.625, 0.0703125, -0.171875, -0.09375, -0.140625, -0.013671875, -0.171875, 0.017578125, -0.234375, -0.001953125, -0.28125, -0.0859375, -0.25, -0.171875, -0.25, -0.203125, -0.140625, -0.125, 0.3125, -0.203125, 0.34375, -0.375, 0.5, -0.75, 0.5, 0.109375, -0.0703125, -0.03125, -0.203125, -0.125, -0.3125, -0.1015625, -0.375, -0.1015625, -0.375, -0.125, -0.28125, -0.171875, -0.3125, -0.25, -0.21875, -0.25, -0.013671875, -0.3125, 0.375, -0.625, 0.3125, -0.625, 0.1875], [0.046875, -0.00390625, 0.015625, -0.1015625, 0.1015625, -0.09375, 0.1015625, -0.078125, 0.1875, -0.09375, 0.28125, -0.05078125, 0.25, -0.0390625, 0.125, -0.125, 0.015625, -0.140625, -0.046875, -0.203125, -0.125, -0.21875, -0.34375, -0.28125, -0.04296875, -0.046875, -0.125, -0.017578125, -0.1015625, -0.021484375, -0.171875, 0.046875, 0.00390625, 0.03125, -0.013671875, 0.0390625, 0.025390625, 0.05078125, -0.0234375, -0.140625, -0.0859375, -0.234375, -0.15625, -0.3125, -0.171875, -0.25, -0.171875, -0.1875, -0.046875, -0.0546875, -0.125, -0.02734375, -0.234375, 0.171875, -0.25, 0.1875, -0.28125, 0.203125, -0.1875, 0.15625, -0.140625, 0.001953125, -0.140625, -0.171875, -0.109375, -0.21875, -0.05859375, -0.25, -0.1015625, -0.25, -0.109375, -0.25, -0.0625, 0.013671875, -0.25, 0.009765625, -0.40625, 0.375, -0.40625, 0.109375, -0.40625, 0.15625, -0.25, 0.0546875, -0.140625, -0.046875, -0.09375, -0.171875, -0.04296875, -0.28125, -0.01171875, -0.3125, -0.04296875, -0.25, -0.03515625, -0.3125, -0.1171875, -0.171875, -0.40625, -0.0703125, -0.5, 0.34375, -0.5, 0.171875, -0.46875, 0.0703125, -0.40625, -0.03515625, -0.140625, -0.0859375, -0.0703125, -0.09375, 0.00390625, -0.1875, 0.017578125, -0.1875, 0.01953125, -0.15625, -0.0859375, -0.28125, -0.234375, -0.0703125, -0.5, 0.171875, -0.46875, 0.1875, -0.5, -0.05078125, -0.5, -0.029296875, -0.28125, -0.0390625, -0.09375, 0.0234375, -0.0703125, -0.017578125, -0.0234375, -0.1015625, 0.015625, -0.125, -0.05859375, -0.1171875, -0.140625, -0.15625, -0.34375, 0.125, -0.5, 0.21875, -0.46875, 0.171875, -0.46875, 0.001953125, -0.34375, -0.0, -0.25, -0.017578125, -0.0703125, -0.0859375, -0.125, -0.017578125, -0.1875, -0.125, -0.21875, -0.15625, -0.140625, -0.15625, -0.234375, -0.171875, -0.3125, 0.125, -0.46875, 0.05078125, -0.46875, 0.0390625, -0.40625, 0.140625, -0.34375, 0.171875, -0.28125, 0.0234375, -0.171875, -0.029296875, -0.15625, -0.078125, -0.1875, -0.15625, -0.234375, -0.21875, -0.203125, -0.25, -0.140625, -0.3125, -0.234375, 0.0078125, -0.46875, 0.078125, -0.3125, 0.109375, -0.3125, 0.1015625, -0.40625, 0.05859375, -0.375, 0.015625, -0.234375, -0.0703125, -0.21875, -0.109375, -0.15625, -0.1875, -0.109375, -0.25, -0.125, -0.25, 0.0078125, -0.3125, -0.28125, 0.0546875, -0.4375, 0.21875, -0.34375, 0.203125, -0.3125, 0.171875, -0.34375, 0.140625, -0.3125, 0.078125, -0.28125, 0.0703125, -0.1875, -0.05859375, -0.1875, -0.171875, -0.171875, -0.234375, -0.15625, -0.28125, -0.09375, -0.5, -0.234375, 0.1015625, -0.46875, 0.140625, -0.5, 0.21875, -0.46875, 0.234375, -0.4375, 0.109375, -0.3125, 0.1015625, -0.28125, 0.0625, -0.203125, -0.0859375, -0.234375, -0.234375, -0.234375, -0.3125, -0.15625, -0.5, -0.0625, -0.5, -0.109375, 0.03515625, -0.4375, 0.15625, -0.5625, 0.15625, -0.5, 0.234375, -0.375, 0.21875, -0.28125, 0.15625, -0.15625, 0.140625, -0.09375, -0.125, -0.0859375, -0.3125, -0.02734375, -0.40625, 0.078125, -0.375, -0.001953125, -0.1875], [-0.078125, -0.1015625, -0.234375, -0.025390625, -0.34375, -0.0859375, -0.625, -0.203125, -0.75, -0.1875, -0.9375, -0.25, -0.8125, -0.25, -1.0, -0.3125, -0.875, -0.28125, -0.75, -0.3125, -0.6875, -0.28125, -0.625, -0.15625, -0.078125, -0.0859375, -0.21875, -0.171875, -0.34375, -0.15625, -0.5, -0.3125, -0.5, -0.375, -0.5, -0.46875, -0.46875, -0.5, -0.46875, -0.5, -0.46875, -0.46875, -0.46875, -0.46875, -0.375, -0.234375, -0.3125, -0.09375, -0.0703125, -0.25, -0.1015625, -0.15625, -0.1875, -0.28125, -0.1875, -0.46875, -0.234375, -0.5625, -0.21875, -0.5, -0.1875, -0.5, -0.171875, -0.5625, -0.21875, -0.5, -0.15625, -0.5, -0.234375, -0.28125, -0.203125, -0.0625, -0.125, -0.25, -0.109375, -0.375, -0.001953125, -0.375, 0.078125, -0.40625, 0.0703125, -0.5, 0.046875, -0.5, 0.0546875, -0.5, 0.125, -0.5, 0.0703125, -0.5625, 0.140625, -0.5, -0.0703125, -0.34375, -0.0546875, -0.1171875, -0.1171875, -0.28125, -0.078125, -0.375, 0.1875, -0.3125, 0.375, -0.28125, 0.40625, -0.234375, 0.375, -0.375, 0.28125, -0.375, 0.203125, -0.46875, 0.21875, -0.5, 0.21875, -0.4375, 0.025390625, -0.25, -0.0078125, -0.203125, -0.1015625, -0.25, 0.0859375, -0.28125, 0.34375, -0.3125, 0.34375, -0.171875, 0.4375, -0.09375, 0.4375, -0.171875, 0.25, -0.171875, 0.3125, -0.28125, 0.3125, -0.28125, 0.34375, -0.28125, 0.203125, -0.203125, 0.005859375, -0.15625, -0.01953125, -0.171875, 0.0546875, -0.171875, 0.09375, -0.1875, 0.078125, -0.109375, 0.0859375, 0.001953125, 0.0625, -0.0390625, 0.09375, -0.1171875, 0.0546875, -0.1171875, 0.109375, -0.140625, 0.171875, -0.234375, 0.1875, -0.21875, -0.029296875, -0.05078125, -0.109375, -0.05078125, -0.0859375, -0.1171875, -0.015625, -0.203125, -0.09375, -0.15625, -0.046875, -0.03125, -0.203125, -0.1171875, -0.171875, -0.025390625, -0.0859375, -0.140625, -0.1015625, -0.140625, -0.1015625, -0.1171875, -0.1171875, -0.203125, -0.171875, -0.1015625, -0.1015625, -0.140625, -0.125, -0.203125, -0.1015625, -0.25, -0.125, -0.25, -0.125, -0.21875, -0.15625, -0.15625, -0.1875, -0.234375, -0.171875, -0.28125, -0.234375, -0.21875, -0.203125, -0.21875, -0.125, -0.1875, -0.125, -0.21875, -0.1875, -0.140625, -0.25, -0.25, -0.171875, -0.28125, -0.234375, -0.5, -0.234375, -0.5, -0.234375, -0.5, -0.25, -0.5625, -0.15625, -0.5625, -0.140625, -0.34375, -0.09375, -0.25, -0.0703125, -0.25, -0.125, -0.25, -0.203125, -0.0859375, -0.234375, -0.171875, -0.3125, -0.34375, -0.203125, -0.5, -0.1875, -0.5, -0.171875, -0.5625, -0.1015625, -0.6875, 0.05078125, -0.46875, -0.046875, -0.25, -0.1171875, -0.1015625, -0.171875, -0.0703125, -0.203125, -0.171875, -0.15625, -0.0703125, -0.28125, -0.25, -0.3125, -0.4375, -0.234375, -0.5, -0.234375, -0.6875, -0.3125, -0.625, -0.375, -0.625, -0.34375, -0.5, -0.28125, -0.34375, -0.25, -0.125, -0.25, -0.203125, -0.1875, -0.140625], [-0.0078125, -0.25, -0.140625, -0.21875, -0.1875, -0.203125, -0.171875, -0.21875, -0.125, -0.15625, -0.1015625, -0.15625, -0.078125, -0.109375, -0.01171875, -0.05859375, 0.28125, -0.04296875, 0.40625, -0.1171875, 0.4375, -0.09375, 0.375, 0.140625, -0.15625, -0.28125, -0.203125, -0.25, -0.15625, -0.21875, -0.15625, -0.25, -0.15625, -0.21875, -0.15625, -0.171875, -0.15625, -0.05859375, -0.046875, 0.0, -0.078125, 0.125, -0.078125, 0.171875, -0.015625, 0.109375, 0.0859375, 0.1875, -0.1875, -0.34375, -0.140625, -0.375, -0.09375, -0.28125, -0.09375, -0.25, -0.140625, -0.234375, -0.1875, -0.140625, -0.171875, -0.0625, -0.15625, 0.0703125, -0.1875, 0.1171875, -0.21875, 0.3125, -0.34375, 0.28125, -0.25, 0.234375, -0.234375, -0.3125, -0.140625, -0.3125, -0.0078125, -0.25, 0.0234375, -0.21875, 0.029296875, -0.171875, -0.025390625, -0.1171875, -0.09375, -0.03515625, -0.203125, 0.0859375, -0.34375, 0.15625, -0.46875, 0.40625, -0.5, 0.4375, -0.5625, 0.0703125, -0.234375, -0.3125, -0.0625, -0.34375, 0.09375, -0.234375, 0.01953125, -0.234375, -0.046875, -0.171875, -0.029296875, -0.09375, -0.02734375, -0.009765625, -0.0859375, 0.09375, -0.25, 0.0859375, -0.5, 0.375, -0.5625, 0.625, -0.875, 0.078125, -0.203125, -0.21875, -0.109375, -0.1875, -0.0390625, -0.140625, 0.017578125, -0.203125, -0.1171875, -0.1171875, -0.125, 0.009765625, -0.15625, 0.001953125, -0.34375, 0.078125, -0.34375, 0.171875, -0.5, 0.09375, -0.8125, 0.3125, -1.0, 0.34375, -0.171875, -0.015625, -0.203125, 0.005859375, -0.109375, -0.013671875, -0.029296875, 0.140625, -0.0625, -0.09375, -0.140625, -0.09375, -0.203125, -0.0546875, -0.34375, -0.001953125, -0.46875, 0.01953125, -0.5, -0.013671875, -0.625, -0.171875, -0.875, 0.25, -0.3125, -0.0390625, -0.3125, 0.15625, -0.28125, 0.1875, -0.25, 0.234375, -0.25, 0.0703125, -0.171875, -0.0234375, -0.234375, -0.0703125, -0.3125, -0.109375, -0.3125, -0.140625, -0.46875, -0.25, -0.5, -0.25, -0.5, -0.03125, -0.40625, -0.0859375, -0.34375, 0.15625, -0.4375, 0.09375, -0.46875, 0.21875, -0.375, 0.01171875, -0.28125, -0.021484375, -0.3125, -0.03515625, -0.25, -0.15625, -0.234375, -0.25, -0.25, -0.3125, -0.15625, -0.40625, -0.25, -0.203125, -0.375, -0.140625, -0.375, 0.140625, -0.4375, 0.15625, -0.5, 0.046875, -0.375, 0.0859375, -0.25, 0.005859375, -0.1875, 0.0546875, -0.109375, -0.046875, -0.0703125, -0.25, -0.0390625, -0.375, -0.03515625, -0.5, -0.05078125, -0.40625, -0.40625, -0.1015625, -0.46875, 0.0625, -0.4375, 0.15625, -0.4375, 0.15625, -0.28125, 0.05859375, -0.25, 0.15625, -0.125, 0.1015625, -0.125, -0.03515625, -0.05859375, -0.171875, -0.03125, -0.3125, 0.00390625, -0.40625, 0.03515625, -0.375, -0.28125, -0.171875, -0.3125, -0.1015625, -0.40625, 0.017578125, -0.4375, 0.0546875, -0.375, 0.1875, -0.234375, 0.0390625, -0.3125, 0.0625, -0.25, -0.09375, -0.234375, -0.25, -0.0625, -0.3125, -0.046875, -0.3125, -0.02734375, -0.171875], [0.05859375, -0.09375, 0.021484375, -0.234375, -0.02734375, -0.40625, -0.109375, -0.46875, -0.125, -0.625, -0.1875, -0.625, -0.15625, -0.5, -0.125, -0.46875, -0.0546875, -0.34375, 0.203125, -0.25, 0.34375, -0.203125, 0.375, -0.171875, -0.00390625, -0.21875, -0.078125, -0.40625, -0.03515625, -0.5, -0.0390625, -0.5625, -0.09375, -0.5625, -0.046875, -0.5, -0.046875, -0.3125, -0.017578125, -0.125, -0.05078125, -0.109375, -0.109375, 0.15625, -0.1015625, -0.1015625, -0.15625, -0.28125, -0.125, -0.25, -0.0859375, -0.5, -0.0859375, -0.5625, -0.0859375, -0.5625, -0.1171875, -0.625, -0.09375, -0.5625, 0.017578125, -0.4375, -0.0703125, -0.234375, -0.140625, -0.09375, -0.234375, 0.015625, -0.1875, 0.015625, -0.28125, -0.21875, -0.0625, -0.28125, -0.0625, -0.5, 0.140625, -0.5625, -0.046875, -0.625, -0.009765625, -0.46875, -0.046875, -0.46875, -0.15625, -0.34375, -0.28125, -0.203125, -0.25, -0.0703125, -0.40625, 0.4375, -0.28125, 0.05078125, -0.375, -0.21875, -0.1015625, -0.40625, -0.05859375, -0.5, 0.3125, -0.5, 0.3125, -0.5, 0.03515625, -0.5, -0.05078125, -0.46875, -0.1875, -0.234375, -0.25, -0.078125, -0.28125, 0.1015625, -0.4375, 0.1875, -0.34375, 0.125, -0.46875, -0.0625, -0.03125, -0.4375, 0.28125, -0.5625, 0.375, -0.5625, 0.15625, -0.625, 0.15625, -0.5625, -0.05078125, -0.3125, -0.0859375, -0.171875, -0.171875, -0.05078125, -0.234375, 0.009765625, -0.40625, 0.01953125, -0.40625, 0.0390625, -0.3125, -0.03125, -0.109375, -0.28125, 0.375, -0.5, 0.3125, -0.5, 0.15625, -0.5, 0.0625, -0.46875, -0.0234375, -0.28125, -0.078125, -0.140625, -0.140625, -0.078125, -0.1875, -0.03125, -0.15625, -0.125, -0.15625, -0.0859375, -0.078125, -0.125, -0.1171875, -0.3125, 0.3125, -0.5625, 0.21875, -0.5625, 0.140625, -0.5, 0.1171875, -0.5, 0.0625, -0.28125, -0.017578125, -0.25, -0.046875, -0.15625, 0.0390625, -0.04296875, 0.0390625, -0.05859375, -0.013671875, -0.0703125, 0.01953125, -0.25, -0.04296875, -0.21875, -0.05859375, -0.5625, -0.001953125, -0.625, 0.015625, -0.5, 0.009765625, -0.34375, 0.0546875, -0.28125, 0.140625, -0.234375, 0.1015625, -0.09375, 0.171875, -0.05078125, -0.01171875, -0.09375, -0.140625, -0.140625, -0.109375, -0.28125, -0.0625, -0.171875, -0.03515625, -0.5, 0.0703125, -0.75, -0.0546875, -0.5, -0.03125, -0.34375, 0.001953125, -0.171875, 0.005859375, -0.1015625, 0.09375, -0.015625, -0.029296875, 0.0078125, -0.140625, -0.078125, -0.171875, -0.171875, -0.15625, -0.375, -0.0703125, -0.125, -0.09375, -0.40625, -0.046875, -0.6875, 0.28125, -0.5, 0.1015625, -0.1875, 0.0703125, -0.0546875, -0.015625, 0.1171875, -0.046875, 0.140625, -0.1015625, -0.109375, -0.09375, -0.234375, -0.0625, -0.40625, -0.109375, -0.40625, -0.15625, -0.078125, -0.34375, -0.28125, -0.28125, -0.5625, -0.28125, -0.8125, -0.375, -0.8125, -0.5, -0.5625, -0.5, -0.4375, -0.5625, -0.5, -0.46875, -0.5, -0.40625, -0.5625, -0.34375, -0.4375, -0.375, -0.25], [-0.017578125, -0.1171875, -0.1171875, -0.140625, -0.171875, -0.0625, -0.21875, -0.125, -0.1875, -0.0, -0.203125, -0.015625, -0.234375, 0.017578125, -0.25, -0.03125, -0.25, -0.0859375, -0.25, -0.125, -0.3125, -0.140625, -0.3125, -0.28125, -0.0625, -0.0546875, -0.140625, -0.0703125, -0.0546875, -0.0390625, -0.0234375, 0.0234375, -0.0625, 0.017578125, -0.125, 0.0625, -0.0703125, 0.029296875, -0.125, -0.00390625, -0.15625, -0.0625, -0.1875, -0.125, -0.15625, -0.125, -0.28125, -0.15625, -0.00390625, 0.0078125, -0.03515625, 0.0703125, -0.125, 0.1875, -0.1015625, 0.1875, -0.1015625, 0.3125, -0.025390625, 0.203125, -0.005859375, 0.046875, -0.04296875, -0.0859375, -0.0859375, -0.15625, -0.203125, -0.171875, -0.1875, -0.21875, -0.140625, -0.25, -0.109375, 0.125, -0.34375, 0.234375, -0.40625, 0.3125, -0.3125, 0.28125, -0.3125, 0.3125, -0.28125, 0.25, -0.21875, 0.15625, -0.1015625, 0.009765625, -0.05859375, -0.03515625, -0.078125, -0.1015625, -0.140625, -0.171875, -0.125, -0.203125, -0.09375, 0.234375, -0.5, 0.234375, -0.5625, 0.25, -0.4375, 0.28125, -0.4375, 0.28125, -0.5, 0.125, -0.4375, -0.021484375, -0.3125, 0.046875, -0.25, -0.04296875, -0.0703125, -0.046875, -0.140625, -0.125, -0.171875, -0.171875, -0.234375, -0.0234375, -0.5, 0.171875, -0.5, 0.109375, -0.4375, -0.05859375, -0.5, -0.0390625, -0.5, -0.21875, -0.4375, -0.28125, -0.375, -0.21875, -0.34375, -0.1875, -0.140625, -0.1875, -0.15625, -0.171875, -0.140625, -0.234375, -0.25, -0.15625, -0.5, -0.09375, -0.375, -0.03125, -0.3125, 0.0625, -0.15625, -0.0703125, -0.28125, -0.3125, -0.21875, -0.40625, -0.203125, -0.40625, -0.21875, -0.21875, -0.1171875, -0.21875, 0.0078125, -0.28125, -0.0859375, -0.25, -0.375, -0.28125, -0.46875, -0.203125, -0.28125, -0.109375, -0.3125, 0.013671875, -0.28125, -0.15625, -0.3125, -0.3125, -0.25, -0.375, -0.171875, -0.34375, -0.125, -0.25, -0.005859375, -0.28125, 0.140625, -0.25, -0.046875, -0.34375, -0.375, -0.234375, -0.375, -0.1171875, -0.25, -0.125, -0.3125, -0.203125, -0.34375, -0.28125, -0.3125, -0.375, -0.25, -0.34375, -0.1875, -0.375, -0.125, -0.25, -0.1015625, -0.234375, -0.05859375, -0.3125, -0.140625, -0.40625, -0.1875, -0.109375, -0.375, -0.125, -0.3125, -0.21875, -0.25, -0.4375, -0.203125, -0.5, -0.1171875, -0.5, -0.203125, -0.625, -0.21875, -0.5625, -0.25, -0.5, -0.3125, -0.46875, -0.25, -0.375, -0.28125, -0.34375, -0.140625, -0.125, -0.3125, -0.21875, -0.34375, -0.28125, -0.140625, -0.3125, -0.1875, -0.4375, -0.109375, -0.5, -0.21875, -0.75, -0.1875, -0.8125, -0.3125, -0.625, -0.3125, -0.46875, -0.28125, -0.28125, -0.4375, -0.140625, -0.1015625, 0.05859375, -0.203125, -0.0625, -0.1171875, 0.01953125, -0.03515625, -0.125, 0.0625, -0.28125, 0.125, -0.5625, 0.15625, -0.625, 0.234375, -0.5625, 0.234375, -0.34375, 0.1875, -0.25, -0.15625, -0.09375, -0.25, -0.005859375], [-0.0625, -0.09375, -0.0625, -0.125, -0.125, -0.15625, -0.140625, -0.171875, -0.03515625, -0.1171875, -0.025390625, -0.078125, 0.109375, -0.04296875, 0.25, -0.0703125, 0.203125, -0.1015625, 0.203125, -0.1875, 0.021484375, -0.15625, -0.0703125, -0.09375, -0.0625, -0.171875, -0.078125, -0.171875, -0.15625, -0.234375, -0.234375, -0.25, -0.21875, -0.25, -0.25, -0.171875, -0.140625, -0.03515625, -0.1875, -0.046875, -0.1171875, -0.05078125, -0.15625, -0.1875, -0.109375, -0.171875, -0.109375, -0.1171875, -0.1171875, -0.15625, -0.109375, -0.234375, -0.046875, -0.25, -0.03125, -0.25, -0.09375, -0.171875, -0.1171875, -0.15625, -0.15625, -0.125, -0.203125, -0.125, -0.234375, -0.04296875, -0.1171875, -0.1015625, -0.125, -0.140625, -0.1171875, -0.0859375, -0.078125, -0.203125, -0.09375, -0.234375, 0.017578125, -0.171875, 0.017578125, -0.15625, -0.001953125, -0.15625, -0.0, -0.171875, -0.1015625, -0.171875, -0.125, -0.109375, -0.203125, -0.09375, -0.1015625, -0.0546875, -0.171875, -0.140625, -0.25, -0.1171875, -0.09375, -0.203125, -0.0703125, -0.203125, 0.09375, -0.203125, -0.00390625, -0.171875, -0.05078125, -0.1171875, -0.029296875, -0.1171875, -0.0625, -0.171875, -0.140625, -0.1171875, -0.140625, -0.125, -0.0859375, -0.0546875, -0.140625, -0.03515625, -0.1171875, -0.1171875, -0.171875, -0.234375, -0.0859375, -0.21875, -0.05078125, -0.234375, -0.0859375, -0.25, -0.1015625, -0.140625, -0.1171875, -0.09375, -0.09375, -0.15625, -0.15625, -0.078125, -0.140625, -0.125, -0.078125, -0.0625, -0.1171875, 0.005859375, -0.046875, -0.109375, -0.15625, -0.140625, -0.25, -0.140625, -0.140625, -0.15625, -0.140625, -0.203125, -0.1875, -0.1171875, -0.140625, -0.078125, -0.05859375, -0.140625, -0.0546875, -0.140625, -0.109375, -0.0859375, -0.140625, -0.05859375, -0.140625, 0.04296875, -0.21875, -0.078125, -0.203125, -0.203125, -0.3125, -0.28125, -0.25, -0.3125, -0.25, -0.28125, -0.171875, -0.234375, -0.171875, -0.25, -0.1171875, -0.25, -0.15625, -0.234375, -0.21875, -0.203125, -0.375, -0.125, -0.375, -0.025390625, -0.3125, -0.0546875, -0.171875, -0.28125, -0.140625, -0.375, -0.15625, -0.375, -0.1875, -0.3125, -0.171875, -0.3125, -0.203125, -0.3125, -0.109375, -0.25, -0.140625, -0.234375, -0.15625, -0.1875, -0.25, -0.1875, -0.34375, -0.09375, -0.3125, -0.1015625, -0.109375, -0.375, 0.1015625, -0.46875, 0.0703125, -0.375, 0.125, -0.4375, 0.0703125, -0.3125, 0.0859375, -0.25, 0.021484375, -0.140625, 0.0078125, -0.140625, -0.0234375, -0.171875, -0.1015625, -0.234375, -0.203125, -0.28125, -0.25, -0.1875, -0.15625, -0.3125, -0.046875, -0.40625, 0.0390625, -0.3125, -0.0234375, -0.3125, -0.05078125, -0.3125, -0.1015625, -0.21875, -0.0859375, -0.1015625, -0.029296875, -0.125, 0.00390625, -0.1015625, -0.017578125, -0.125, -0.078125, -0.234375, -0.15625, -0.25, -0.109375, -0.140625, 0.029296875, -0.3125, 0.1015625, -0.40625, 0.029296875, -0.28125, -0.0, -0.140625, -0.04296875, -0.09375, -0.00390625, -0.04296875, 0.017578125, -0.025390625, -0.029296875, -0.109375, 0.025390625, -0.25, 0.00390625, -0.34375, -0.0625, -0.140625], [-0.171875, -0.21875, -0.3125, -0.25, -0.46875, -0.171875, -0.375, -0.1015625, -0.40625, 0.046875, -0.28125, 0.234375, -0.34375, 0.171875, -0.34375, 0.234375, -0.28125, 0.0625, -0.40625, -0.0703125, -0.5, -0.25, -0.625, -0.5, -0.25, -0.234375, -0.25, -0.1171875, -0.28125, -0.1171875, -0.5, -0.0546875, -0.5, -0.01953125, -0.5, 0.03125, -0.4375, 0.125, -0.40625, 0.078125, -0.34375, -0.009765625, -0.25, -0.0703125, -0.25, -0.171875, -0.5, -0.3125, -0.171875, -0.15625, -0.34375, -0.234375, -0.375, -0.203125, -0.5, -0.234375, -0.5625, -0.09375, -0.5, 0.001953125, -0.4375, -0.021484375, -0.375, 0.0859375, -0.34375, 0.00390625, -0.3125, -0.1171875, -0.25, -0.25, -0.25, -0.3125, -0.21875, -0.28125, -0.15625, -0.3125, -0.1171875, -0.375, -0.15625, -0.25, -0.234375, -0.1875, -0.28125, -0.09375, -0.21875, -0.05859375, -0.1875, -0.0234375, -0.21875, -0.0546875, -0.203125, -0.15625, -0.15625, -0.25, -0.15625, -0.3125, -0.125, -0.3125, 0.1015625, -0.34375, 0.15625, -0.375, 0.140625, -0.25, 0.0703125, -0.140625, -0.00390625, -0.15625, 0.015625, -0.125, -0.0, -0.078125, 0.01171875, -0.140625, 0.0078125, -0.21875, -0.005859375, -0.28125, -0.0703125, -0.25, -0.0703125, -0.5, 0.125, -0.5, 0.203125, -0.375, 0.109375, -0.234375, 0.0859375, -0.125, 0.021484375, -0.15625, 0.046875, -0.125, 0.03515625, -0.109375, -0.05078125, -0.21875, -0.005859375, -0.28125, 0.01171875, -0.21875, -0.109375, -0.34375, -0.078125, -0.625, 0.0390625, -0.625, 0.0625, -0.375, 0.046875, -0.171875, 0.009765625, -0.0625, -0.1015625, -0.125, -0.005859375, -0.1015625, 0.01171875, -0.1015625, -0.046875, -0.1875, -0.0703125, -0.28125, -0.09375, -0.40625, -0.140625, -0.46875, -0.203125, -0.5, -0.109375, -0.5, -0.05859375, -0.234375, -0.09375, -0.046875, -0.203125, -0.05859375, -0.1875, -0.0703125, -0.125, -0.04296875, -0.0859375, -0.25, -0.109375, -0.375, -0.140625, -0.5625, -0.140625, -0.5, -0.125, -0.5, -0.28125, -0.34375, -0.21875, -0.25, -0.15625, -0.109375, -0.203125, -0.01171875, -0.203125, -0.0859375, -0.15625, -0.109375, -0.21875, -0.15625, -0.234375, -0.34375, -0.28125, -0.5, -0.21875, -0.5, -0.140625, -0.5, -0.109375, -0.4375, -0.25, -0.234375, -0.3125, -0.1171875, -0.375, -0.046875, -0.375, -0.15625, -0.34375, -0.25, -0.3125, -0.25, -0.28125, -0.25, -0.28125, -0.4375, -0.140625, -0.4375, -0.1875, -0.4375, -0.109375, -0.375, -0.0859375, -0.28125, -0.234375, -0.203125, -0.46875, -0.171875, -0.5, -0.1171875, -0.46875, -0.25, -0.46875, -0.28125, -0.375, -0.28125, -0.25, -0.3125, -0.171875, -0.5625, -0.15625, -0.375, -0.21875, -0.3125, -0.1015625, -0.28125, -0.03515625, -0.0625, -0.140625, -0.078125, -0.40625, -0.0625, -0.25, -0.0625, -0.1875, -0.125, -0.09375, -0.203125, -0.109375, -0.3125, -0.140625, -0.46875, -0.1015625, -0.46875, -0.0703125, -0.21875, -0.00390625, 0.09375, 0.01953125, 0.21875, -0.001953125, 0.09375]]

T_FC1_BIAS = [-0.76171875, 2.0, -0.357421875, -0.9921875, -0.205078125, -0.35546875, -0.71875, 1.5859375, -1.9921875, -0.41796875]

